279
2.000000 2.000000 4.000000 -10.000000 0.000000 10.000000 0.000000 90.000000 0.000000 -10.000000 0.000000 10.000000 -6.000000 2.000000 12.000000 2 0
2.000000 2.000000 4.000000 -14.000000 0.000000 10.000000 0.000000 90.000000 0.000000 -14.000000 0.000000 10.000000 -10.000000 2.000000 12.000000 2 0
2.000000 2.000000 4.000000 -18.000000 0.000000 10.000000 0.000000 90.000000 0.000000 -18.000000 0.000000 10.000000 -14.000000 2.000000 12.000000 2 0
2.000000 2.000000 4.000000 -22.000000 0.000000 10.000000 0.000000 90.000000 0.000000 -22.000000 0.000000 10.000000 -18.000000 2.000000 12.000000 2 0
2.000000 2.000000 4.000000 -26.000000 0.000000 10.000000 0.000000 90.000000 0.000000 -26.000000 0.000000 10.000000 -22.000000 2.000000 12.000000 2 0
2.000000 2.000000 4.000000 -26.000000 0.000000 6.000000 0.000000 0.000000 0.000000 -26.000000 0.000000 6.000000 -24.000000 2.000000 10.000000 2 0
2.000000 2.000000 4.000000 -26.000000 0.000000 2.000000 0.000000 0.000000 0.000000 -26.000000 0.000000 2.000000 -24.000000 2.000000 6.000000 2 0
2.000000 2.000000 4.000000 -26.000000 0.000000 -2.000000 0.000000 0.000000 0.000000 -26.000000 0.000000 -2.000000 -24.000000 2.000000 2.000000 2 0
2.000000 2.000000 4.000000 -26.000000 0.000000 -6.000000 0.000000 0.000000 0.000000 -26.000000 0.000000 -6.000000 -24.000000 2.000000 -2.000000 2 0
2.000000 2.000000 4.000000 -26.000000 0.000000 -10.000000 0.000000 0.000000 0.000000 -26.000000 0.000000 -10.000000 -24.000000 2.000000 -6.000000 2 0
2.000000 2.000000 4.000000 -26.000000 0.000000 -12.000000 0.000000 90.000000 0.000000 -26.000000 0.000000 -12.000000 -22.000000 2.000000 -10.000000 2 0
2.000000 2.000000 4.000000 -22.000000 0.000000 -12.000000 0.000000 90.000000 0.000000 -22.000000 0.000000 -12.000000 -18.000000 2.000000 -10.000000 2 0
2.000000 2.000000 4.000000 -18.000000 0.000000 -12.000000 0.000000 90.000000 0.000000 -18.000000 0.000000 -12.000000 -14.000000 2.000000 -10.000000 2 0
2.000000 2.000000 4.000000 -14.000000 0.000000 -12.000000 0.000000 90.000000 0.000000 -14.000000 0.000000 -12.000000 -10.000000 2.000000 -10.000000 2 0
2.000000 2.000000 4.000000 -10.000000 0.000000 -12.000000 0.000000 90.000000 0.000000 -10.000000 0.000000 -12.000000 -6.000000 2.000000 -10.000000 2 0
2.000000 2.000000 4.000000 -10.000000 2.000000 10.000000 0.000000 90.000000 0.000000 -10.000000 2.000000 10.000000 -6.000000 4.000000 12.000000 2 2
2.000000 2.000000 4.000000 -14.000000 2.000000 10.000000 0.000000 90.000000 0.000000 -14.000000 2.000000 10.000000 -10.000000 4.000000 12.000000 2 2
2.000000 2.000000 4.000000 -18.000000 2.000000 10.000000 0.000000 90.000000 0.000000 -18.000000 2.000000 10.000000 -14.000000 4.000000 12.000000 2 2
2.000000 2.000000 4.000000 -22.000000 2.000000 10.000000 0.000000 90.000000 0.000000 -22.000000 2.000000 10.000000 -18.000000 4.000000 12.000000 2 2
2.000000 2.000000 4.000000 -26.000000 2.000000 10.000000 0.000000 90.000000 0.000000 -26.000000 2.000000 10.000000 -22.000000 4.000000 12.000000 2 2
2.000000 2.000000 4.000000 -26.000000 2.000000 6.000000 0.000000 0.000000 0.000000 -26.000000 2.000000 6.000000 -24.000000 4.000000 10.000000 2 2
2.000000 2.000000 4.000000 -26.000000 2.000000 2.000000 0.000000 0.000000 0.000000 -26.000000 2.000000 2.000000 -24.000000 4.000000 6.000000 2 2
2.000000 2.000000 4.000000 -26.000000 2.000000 -2.000000 0.000000 0.000000 0.000000 -26.000000 2.000000 -2.000000 -24.000000 4.000000 2.000000 2 2
2.000000 2.000000 4.000000 -26.000000 2.000000 -6.000000 0.000000 0.000000 0.000000 -26.000000 2.000000 -6.000000 -24.000000 4.000000 -2.000000 2 2
2.000000 2.000000 4.000000 -26.000000 2.000000 -10.000000 0.000000 0.000000 0.000000 -26.000000 2.000000 -10.000000 -24.000000 4.000000 -6.000000 2 2
2.000000 2.000000 4.000000 -26.000000 2.000000 -12.000000 0.000000 90.000000 0.000000 -26.000000 2.000000 -12.000000 -22.000000 4.000000 -10.000000 2 2
2.000000 2.000000 4.000000 -22.000000 2.000000 -12.000000 0.000000 90.000000 0.000000 -22.000000 2.000000 -12.000000 -18.000000 4.000000 -10.000000 2 2
2.000000 2.000000 4.000000 -18.000000 2.000000 -12.000000 0.000000 90.000000 0.000000 -18.000000 2.000000 -12.000000 -14.000000 4.000000 -10.000000 2 2
2.000000 2.000000 4.000000 -14.000000 2.000000 -12.000000 0.000000 90.000000 0.000000 -14.000000 2.000000 -12.000000 -10.000000 4.000000 -10.000000 2 2
2.000000 2.000000 4.000000 -10.000000 2.000000 -12.000000 0.000000 90.000000 0.000000 -10.000000 2.000000 -12.000000 -6.000000 4.000000 -10.000000 2 2
2.000000 2.000000 4.000000 -8.000000 0.000000 2.000000 0.000000 0.000000 0.000000 -8.000000 0.000000 2.000000 -6.000000 2.000000 6.000000 2 0
2.000000 2.000000 4.000000 -8.000000 0.000000 -2.000000 0.000000 0.000000 0.000000 -8.000000 0.000000 -2.000000 -6.000000 2.000000 2.000000 2 0
2.000000 2.000000 4.000000 -8.000000 0.000000 -6.000000 0.000000 0.000000 0.000000 -8.000000 0.000000 -6.000000 -6.000000 2.000000 -2.000000 2 0
2.000000 2.000000 4.000000 -8.000000 0.000000 -10.000000 0.000000 0.000000 0.000000 -8.000000 0.000000 -10.000000 -6.000000 2.000000 -6.000000 2 0
4.000000 1.000000 4.000000 -24.000000 0.000000 6.000000 0.000000 0.000000 0.000000 -24.000000 0.000000 6.000000 -20.000000 1.000000 10.000000 4 4
4.000000 1.000000 4.000000 -24.000000 0.000000 2.000000 0.000000 0.000000 0.000000 -24.000000 0.000000 2.000000 -20.000000 1.000000 6.000000 4 4
4.000000 1.000000 4.000000 -20.000000 0.000000 6.000000 0.000000 0.000000 0.000000 -20.000000 0.000000 6.000000 -16.000000 1.000000 10.000000 4 4
4.000000 1.000000 4.000000 -20.000000 0.000000 2.000000 0.000000 0.000000 0.000000 -20.000000 0.000000 2.000000 -16.000000 1.000000 6.000000 4 4
4.000000 1.000000 4.000000 -24.000000 0.000000 -2.000000 0.000000 0.000000 0.000000 -24.000000 0.000000 -2.000000 -20.000000 1.000000 2.000000 4 4
4.000000 1.000000 4.000000 -24.000000 0.000000 -6.000000 0.000000 0.000000 0.000000 -24.000000 0.000000 -6.000000 -20.000000 1.000000 -2.000000 4 4
4.000000 1.000000 4.000000 -24.000000 0.000000 -10.000000 0.000000 0.000000 0.000000 -24.000000 0.000000 -10.000000 -20.000000 1.000000 -6.000000 4 4
4.000000 1.000000 4.000000 -20.000000 0.000000 -2.000000 0.000000 0.000000 0.000000 -20.000000 0.000000 -2.000000 -16.000000 1.000000 2.000000 4 4
4.000000 1.000000 4.000000 -20.000000 0.000000 -6.000000 0.000000 0.000000 0.000000 -20.000000 0.000000 -6.000000 -16.000000 1.000000 -2.000000 4 4
4.000000 1.000000 4.000000 -20.000000 0.000000 -10.000000 0.000000 0.000000 0.000000 -20.000000 0.000000 -10.000000 -16.000000 1.000000 -6.000000 4 4
4.000000 1.000000 4.000000 -16.000000 0.000000 6.000000 0.000000 0.000000 0.000000 -16.000000 0.000000 6.000000 -12.000000 1.000000 10.000000 4 4
4.000000 1.000000 4.000000 -16.000000 0.000000 2.000000 0.000000 0.000000 0.000000 -16.000000 0.000000 2.000000 -12.000000 1.000000 6.000000 4 4
4.000000 1.000000 4.000000 -16.000000 0.000000 -2.000000 0.000000 0.000000 0.000000 -16.000000 0.000000 -2.000000 -12.000000 1.000000 2.000000 4 4
4.000000 1.000000 4.000000 -16.000000 0.000000 -6.000000 0.000000 0.000000 0.000000 -16.000000 0.000000 -6.000000 -12.000000 1.000000 -2.000000 4 4
4.000000 1.000000 4.000000 -16.000000 0.000000 -10.000000 0.000000 0.000000 0.000000 -16.000000 0.000000 -10.000000 -12.000000 1.000000 -6.000000 4 4
4.000000 1.000000 4.000000 -12.000000 0.000000 -10.000000 0.000000 0.000000 0.000000 -12.000000 0.000000 -10.000000 -8.000000 1.000000 -6.000000 4 4
4.000000 1.000000 4.000000 -12.000000 0.000000 -6.000000 0.000000 0.000000 0.000000 -12.000000 0.000000 -6.000000 -8.000000 1.000000 -2.000000 4 4
4.000000 1.000000 4.000000 -12.000000 0.000000 -2.000000 0.000000 0.000000 0.000000 -12.000000 0.000000 -2.000000 -8.000000 1.000000 2.000000 4 4
4.000000 1.000000 4.000000 -12.000000 0.000000 2.000000 0.000000 0.000000 0.000000 -12.000000 0.000000 2.000000 -8.000000 1.000000 6.000000 4 4
4.000000 1.000000 4.000000 -12.000000 0.000000 6.000000 0.000000 0.000000 0.000000 -12.000000 0.000000 6.000000 -8.000000 1.000000 10.000000 4 4
4.000000 1.000000 4.000000 -8.000000 0.000000 6.000000 0.000000 0.000000 0.000000 -8.000000 0.000000 6.000000 -4.000000 1.000000 10.000000 4 4
4.000000 1.000000 4.000000 -14.000000 1.000000 6.000000 0.000000 0.000000 0.000000 -14.000000 1.000000 6.000000 -10.000000 2.000000 10.000000 4 4
4.000000 1.000000 4.000000 -16.000000 2.000000 6.000000 0.000000 0.000000 0.000000 -16.000000 2.000000 6.000000 -12.000000 3.000000 10.000000 4 4
4.000000 1.000000 4.000000 -18.000000 3.000000 6.000000 0.000000 0.000000 0.000000 -18.000000 3.000000 6.000000 -14.000000 4.000000 10.000000 4 4
4.000000 1.000000 4.000000 -20.000000 4.000000 6.000000 0.000000 0.000000 0.000000 -20.000000 4.000000 6.000000 -16.000000 5.000000 10.000000 4 4
4.000000 1.000000 4.000000 -22.000000 5.000000 6.000000 0.000000 0.000000 0.000000 -22.000000 5.000000 6.000000 -18.000000 6.000000 10.000000 4 4
4.000000 1.000000 4.000000 -24.000000 6.000000 6.000000 0.000000 0.000000 0.000000 -24.000000 6.000000 6.000000 -20.000000 7.000000 10.000000 4 4
4.000000 1.000000 4.000000 -24.000000 6.000000 2.000000 0.000000 0.000000 0.000000 -24.000000 6.000000 2.000000 -20.000000 7.000000 6.000000 4 4
4.000000 1.000000 4.000000 -20.000000 6.000000 2.000000 0.000000 0.000000 0.000000 -20.000000 6.000000 2.000000 -16.000000 7.000000 6.000000 4 4
4.000000 1.000000 4.000000 -16.000000 6.000000 2.000000 0.000000 0.000000 0.000000 -16.000000 6.000000 2.000000 -12.000000 7.000000 6.000000 4 4
4.000000 1.000000 4.000000 -12.000000 6.000000 2.000000 0.000000 0.000000 0.000000 -12.000000 6.000000 2.000000 -8.000000 7.000000 6.000000 4 4
4.000000 1.000000 4.000000 -24.000000 6.000000 -2.000000 0.000000 0.000000 0.000000 -24.000000 6.000000 -2.000000 -20.000000 7.000000 2.000000 4 4
4.000000 1.000000 4.000000 -20.000000 6.000000 -2.000000 0.000000 0.000000 0.000000 -20.000000 6.000000 -2.000000 -16.000000 7.000000 2.000000 4 4
4.000000 1.000000 4.000000 -16.000000 6.000000 -2.000000 0.000000 0.000000 0.000000 -16.000000 6.000000 -2.000000 -12.000000 7.000000 2.000000 4 4
4.000000 1.000000 4.000000 -12.000000 6.000000 -2.000000 0.000000 0.000000 0.000000 -12.000000 6.000000 -2.000000 -8.000000 7.000000 2.000000 4 4
4.000000 1.000000 4.000000 -24.000000 6.000000 -6.000000 0.000000 0.000000 0.000000 -24.000000 6.000000 -6.000000 -20.000000 7.000000 -2.000000 4 4
4.000000 1.000000 4.000000 -20.000000 6.000000 -6.000000 0.000000 0.000000 0.000000 -20.000000 6.000000 -6.000000 -16.000000 7.000000 -2.000000 4 4
4.000000 1.000000 4.000000 -16.000000 6.000000 -6.000000 0.000000 0.000000 0.000000 -16.000000 6.000000 -6.000000 -12.000000 7.000000 -2.000000 4 4
4.000000 1.000000 4.000000 -12.000000 6.000000 -6.000000 0.000000 0.000000 0.000000 -12.000000 6.000000 -6.000000 -8.000000 7.000000 -2.000000 4 4
2.000000 2.000000 4.000000 -10.000000 4.000000 10.000000 0.000000 90.000000 0.000000 -10.000000 4.000000 10.000000 -6.000000 6.000000 12.000000 2 2
2.000000 2.000000 4.000000 -14.000000 4.000000 10.000000 0.000000 90.000000 0.000000 -14.000000 4.000000 10.000000 -10.000000 6.000000 12.000000 2 2
2.000000 2.000000 4.000000 -18.000000 4.000000 10.000000 0.000000 90.000000 0.000000 -18.000000 4.000000 10.000000 -14.000000 6.000000 12.000000 2 2
2.000000 2.000000 4.000000 -22.000000 4.000000 10.000000 0.000000 90.000000 0.000000 -22.000000 4.000000 10.000000 -18.000000 6.000000 12.000000 2 2
2.000000 2.000000 4.000000 -26.000000 4.000000 10.000000 0.000000 90.000000 0.000000 -26.000000 4.000000 10.000000 -22.000000 6.000000 12.000000 2 2
2.000000 2.000000 4.000000 -26.000000 4.000000 6.000000 0.000000 0.000000 0.000000 -26.000000 4.000000 6.000000 -24.000000 6.000000 10.000000 2 2
2.000000 2.000000 4.000000 -26.000000 4.000000 2.000000 0.000000 0.000000 0.000000 -26.000000 4.000000 2.000000 -24.000000 6.000000 6.000000 2 2
2.000000 2.000000 4.000000 -26.000000 4.000000 -2.000000 0.000000 0.000000 0.000000 -26.000000 4.000000 -2.000000 -24.000000 6.000000 2.000000 2 2
2.000000 2.000000 4.000000 -26.000000 4.000000 -6.000000 0.000000 0.000000 0.000000 -26.000000 4.000000 -6.000000 -24.000000 6.000000 -2.000000 2 2
2.000000 2.000000 4.000000 -26.000000 4.000000 -10.000000 0.000000 0.000000 0.000000 -26.000000 4.000000 -10.000000 -24.000000 6.000000 -6.000000 2 2
2.000000 2.000000 4.000000 -26.000000 4.000000 -12.000000 0.000000 90.000000 0.000000 -26.000000 4.000000 -12.000000 -22.000000 6.000000 -10.000000 2 2
2.000000 2.000000 4.000000 -22.000000 4.000000 -12.000000 0.000000 90.000000 0.000000 -22.000000 4.000000 -12.000000 -18.000000 6.000000 -10.000000 2 2
2.000000 2.000000 4.000000 -18.000000 4.000000 -12.000000 0.000000 90.000000 0.000000 -18.000000 4.000000 -12.000000 -14.000000 6.000000 -10.000000 2 2
2.000000 2.000000 4.000000 -14.000000 4.000000 -12.000000 0.000000 90.000000 0.000000 -14.000000 4.000000 -12.000000 -10.000000 6.000000 -10.000000 2 2
2.000000 2.000000 4.000000 -10.000000 4.000000 -12.000000 0.000000 90.000000 0.000000 -10.000000 4.000000 -12.000000 -6.000000 6.000000 -10.000000 2 2
2.000000 2.000000 4.000000 -26.000000 6.000000 10.000000 0.000000 90.000000 0.000000 -26.000000 6.000000 10.000000 -22.000000 8.000000 12.000000 2 3
2.000000 2.000000 4.000000 -22.000000 6.000000 10.000000 0.000000 90.000000 0.000000 -22.000000 6.000000 10.000000 -18.000000 8.000000 12.000000 2 3
2.000000 2.000000 4.000000 -18.000000 6.000000 10.000000 0.000000 90.000000 0.000000 -18.000000 6.000000 10.000000 -14.000000 8.000000 12.000000 2 3
2.000000 2.000000 4.000000 -14.000000 6.000000 10.000000 0.000000 90.000000 0.000000 -14.000000 6.000000 10.000000 -10.000000 8.000000 12.000000 2 3
2.000000 2.000000 4.000000 -10.000000 6.000000 10.000000 0.000000 90.000000 0.000000 -10.000000 6.000000 10.000000 -6.000000 8.000000 12.000000 2 3
2.000000 2.000000 4.000000 -26.000000 6.000000 -12.000000 0.000000 90.000000 0.000000 -26.000000 6.000000 -12.000000 -22.000000 8.000000 -10.000000 2 3
2.000000 2.000000 4.000000 -22.000000 6.000000 -12.000000 0.000000 90.000000 0.000000 -22.000000 6.000000 -12.000000 -18.000000 8.000000 -10.000000 2 3
2.000000 2.000000 4.000000 -18.000000 6.000000 -12.000000 0.000000 90.000000 0.000000 -18.000000 6.000000 -12.000000 -14.000000 8.000000 -10.000000 2 3
2.000000 2.000000 4.000000 -14.000000 6.000000 -12.000000 0.000000 90.000000 0.000000 -14.000000 6.000000 -12.000000 -10.000000 8.000000 -10.000000 2 3
2.000000 2.000000 4.000000 -10.000000 6.000000 -12.000000 0.000000 90.000000 0.000000 -10.000000 6.000000 -12.000000 -6.000000 8.000000 -10.000000 2 3
2.000000 2.000000 4.000000 -26.000000 6.000000 -10.000000 0.000000 0.000000 0.000000 -26.000000 6.000000 -10.000000 -24.000000 8.000000 -6.000000 2 3
2.000000 2.000000 4.000000 -26.000000 6.000000 -6.000000 0.000000 0.000000 0.000000 -26.000000 6.000000 -6.000000 -24.000000 8.000000 -2.000000 2 3
2.000000 2.000000 4.000000 -26.000000 6.000000 -2.000000 0.000000 0.000000 0.000000 -26.000000 6.000000 -2.000000 -24.000000 8.000000 2.000000 2 3
2.000000 2.000000 4.000000 -26.000000 6.000000 2.000000 0.000000 0.000000 0.000000 -26.000000 6.000000 2.000000 -24.000000 8.000000 6.000000 2 3
2.000000 2.000000 4.000000 -26.000000 6.000000 6.000000 0.000000 0.000000 0.000000 -26.000000 6.000000 6.000000 -24.000000 8.000000 10.000000 2 3
2.000000 2.000000 4.000000 -10.000000 8.000000 10.000000 0.000000 90.000000 0.000000 -10.000000 8.000000 10.000000 -6.000000 10.000000 12.000000 2 3
2.000000 2.000000 4.000000 -14.000000 8.000000 10.000000 0.000000 90.000000 0.000000 -14.000000 8.000000 10.000000 -10.000000 10.000000 12.000000 2 3
2.000000 2.000000 4.000000 -18.000000 8.000000 10.000000 0.000000 90.000000 0.000000 -18.000000 8.000000 10.000000 -14.000000 10.000000 12.000000 2 3
2.000000 2.000000 4.000000 -22.000000 8.000000 10.000000 0.000000 90.000000 0.000000 -22.000000 8.000000 10.000000 -18.000000 10.000000 12.000000 2 3
2.000000 2.000000 4.000000 -26.000000 8.000000 10.000000 0.000000 90.000000 0.000000 -26.000000 8.000000 10.000000 -22.000000 10.000000 12.000000 2 3
2.000000 2.000000 4.000000 -26.000000 8.000000 6.000000 0.000000 0.000000 0.000000 -26.000000 8.000000 6.000000 -24.000000 10.000000 10.000000 2 3
2.000000 2.000000 4.000000 -26.000000 8.000000 2.000000 0.000000 0.000000 0.000000 -26.000000 8.000000 2.000000 -24.000000 10.000000 6.000000 2 3
2.000000 2.000000 4.000000 -26.000000 8.000000 -2.000000 0.000000 0.000000 0.000000 -26.000000 8.000000 -2.000000 -24.000000 10.000000 2.000000 2 3
2.000000 2.000000 4.000000 -26.000000 8.000000 -6.000000 0.000000 0.000000 0.000000 -26.000000 8.000000 -6.000000 -24.000000 10.000000 -2.000000 2 3
2.000000 2.000000 4.000000 -26.000000 8.000000 -10.000000 0.000000 0.000000 0.000000 -26.000000 8.000000 -10.000000 -24.000000 10.000000 -6.000000 2 3
2.000000 2.000000 4.000000 -26.000000 8.000000 -12.000000 0.000000 90.000000 0.000000 -26.000000 8.000000 -12.000000 -22.000000 10.000000 -10.000000 2 3
2.000000 2.000000 4.000000 -22.000000 8.000000 -12.000000 0.000000 90.000000 0.000000 -22.000000 8.000000 -12.000000 -18.000000 10.000000 -10.000000 2 3
2.000000 2.000000 4.000000 -18.000000 8.000000 -12.000000 0.000000 90.000000 0.000000 -18.000000 8.000000 -12.000000 -14.000000 10.000000 -10.000000 2 3
2.000000 2.000000 4.000000 -14.000000 8.000000 -12.000000 0.000000 90.000000 0.000000 -14.000000 8.000000 -12.000000 -10.000000 10.000000 -10.000000 2 3
2.000000 2.000000 4.000000 -10.000000 8.000000 -12.000000 0.000000 90.000000 0.000000 -10.000000 8.000000 -12.000000 -6.000000 10.000000 -10.000000 2 3
2.000000 2.000000 4.000000 -8.000000 2.000000 2.000000 0.000000 0.000000 0.000000 -8.000000 2.000000 2.000000 -6.000000 4.000000 6.000000 2 2
2.000000 2.000000 4.000000 -8.000000 2.000000 -2.000000 0.000000 0.000000 0.000000 -8.000000 2.000000 -2.000000 -6.000000 4.000000 2.000000 2 2
2.000000 2.000000 4.000000 -8.000000 2.000000 -6.000000 0.000000 0.000000 0.000000 -8.000000 2.000000 -6.000000 -6.000000 4.000000 -2.000000 2 2
2.000000 2.000000 4.000000 -8.000000 2.000000 -10.000000 0.000000 0.000000 0.000000 -8.000000 2.000000 -10.000000 -6.000000 4.000000 -6.000000 2 2
2.000000 2.000000 4.000000 -8.000000 4.000000 2.000000 0.000000 0.000000 0.000000 -8.000000 4.000000 2.000000 -6.000000 6.000000 6.000000 2 2
2.000000 2.000000 4.000000 -8.000000 4.000000 -2.000000 0.000000 0.000000 0.000000 -8.000000 4.000000 -2.000000 -6.000000 6.000000 2.000000 2 2
2.000000 2.000000 4.000000 -8.000000 4.000000 -6.000000 0.000000 0.000000 0.000000 -8.000000 4.000000 -6.000000 -6.000000 6.000000 -2.000000 2 2
2.000000 2.000000 4.000000 -8.000000 4.000000 -10.000000 0.000000 0.000000 0.000000 -8.000000 4.000000 -10.000000 -6.000000 6.000000 -6.000000 2 2
2.000000 2.000000 4.000000 -8.000000 6.000000 2.000000 0.000000 0.000000 0.000000 -8.000000 6.000000 2.000000 -6.000000 8.000000 6.000000 2 3
2.000000 2.000000 4.000000 -8.000000 6.000000 -2.000000 0.000000 0.000000 0.000000 -8.000000 6.000000 -2.000000 -6.000000 8.000000 2.000000 2 3
2.000000 2.000000 4.000000 -8.000000 6.000000 -6.000000 0.000000 0.000000 0.000000 -8.000000 6.000000 -6.000000 -6.000000 8.000000 -2.000000 2 3
2.000000 2.000000 4.000000 -8.000000 6.000000 -10.000000 0.000000 0.000000 0.000000 -8.000000 6.000000 -10.000000 -6.000000 8.000000 -6.000000 2 3
2.000000 2.000000 4.000000 -8.000000 8.000000 2.000000 0.000000 0.000000 0.000000 -8.000000 8.000000 2.000000 -6.000000 10.000000 6.000000 2 3
2.000000 2.000000 4.000000 -8.000000 8.000000 -2.000000 0.000000 0.000000 0.000000 -8.000000 8.000000 -2.000000 -6.000000 10.000000 2.000000 2 3
2.000000 2.000000 4.000000 -8.000000 8.000000 -6.000000 0.000000 0.000000 0.000000 -8.000000 8.000000 -6.000000 -6.000000 10.000000 -2.000000 2 3
2.000000 2.000000 4.000000 -8.000000 8.000000 -10.000000 0.000000 0.000000 0.000000 -8.000000 8.000000 -10.000000 -6.000000 10.000000 -6.000000 2 3
2.000000 2.000000 4.000000 -8.000000 10.000000 10.000000 0.000000 0.000000 0.000000 -8.000000 10.000000 10.000000 -6.000000 12.000000 14.000000 3 4
2.000000 2.000000 4.000000 -26.000000 10.000000 10.000000 0.000000 0.000000 0.000000 -26.000000 10.000000 10.000000 -24.000000 12.000000 14.000000 3 4
2.000000 2.000000 4.000000 -24.000000 10.000000 10.000000 0.000000 0.000000 0.000000 -24.000000 10.000000 10.000000 -22.000000 12.000000 14.000000 3 4
2.000000 2.000000 4.000000 -22.000000 10.000000 10.000000 0.000000 0.000000 0.000000 -22.000000 10.000000 10.000000 -20.000000 12.000000 14.000000 3 4
2.000000 2.000000 4.000000 -20.000000 10.000000 10.000000 0.000000 0.000000 0.000000 -20.000000 10.000000 10.000000 -18.000000 12.000000 14.000000 3 4
2.000000 2.000000 4.000000 -18.000000 10.000000 10.000000 0.000000 0.000000 0.000000 -18.000000 10.000000 10.000000 -16.000000 12.000000 14.000000 3 4
2.000000 2.000000 4.000000 -16.000000 10.000000 10.000000 0.000000 0.000000 0.000000 -16.000000 10.000000 10.000000 -14.000000 12.000000 14.000000 3 4
2.000000 2.000000 4.000000 -14.000000 10.000000 10.000000 0.000000 0.000000 0.000000 -14.000000 10.000000 10.000000 -12.000000 12.000000 14.000000 3 4
2.000000 2.000000 4.000000 -12.000000 10.000000 10.000000 0.000000 0.000000 0.000000 -12.000000 10.000000 10.000000 -10.000000 12.000000 14.000000 3 4
2.000000 2.000000 4.000000 -10.000000 10.000000 10.000000 0.000000 0.000000 0.000000 -10.000000 10.000000 10.000000 -8.000000 12.000000 14.000000 3 4
2.000000 2.000000 4.000000 -8.000000 12.000000 8.000000 0.000000 0.000000 0.000000 -8.000000 12.000000 8.000000 -6.000000 14.000000 12.000000 2 4
2.000000 2.000000 4.000000 -10.000000 12.000000 8.000000 0.000000 0.000000 0.000000 -10.000000 12.000000 8.000000 -8.000000 14.000000 12.000000 2 4
2.000000 2.000000 4.000000 -12.000000 12.000000 8.000000 0.000000 0.000000 0.000000 -12.000000 12.000000 8.000000 -10.000000 14.000000 12.000000 2 4
2.000000 2.000000 4.000000 -14.000000 12.000000 8.000000 0.000000 0.000000 0.000000 -14.000000 12.000000 8.000000 -12.000000 14.000000 12.000000 2 4
2.000000 2.000000 4.000000 -16.000000 12.000000 8.000000 0.000000 0.000000 0.000000 -16.000000 12.000000 8.000000 -14.000000 14.000000 12.000000 2 4
2.000000 2.000000 4.000000 -18.000000 12.000000 8.000000 0.000000 0.000000 0.000000 -18.000000 12.000000 8.000000 -16.000000 14.000000 12.000000 2 4
2.000000 2.000000 4.000000 -20.000000 12.000000 8.000000 0.000000 0.000000 0.000000 -20.000000 12.000000 8.000000 -18.000000 14.000000 12.000000 2 4
2.000000 2.000000 4.000000 -22.000000 12.000000 8.000000 0.000000 0.000000 0.000000 -22.000000 12.000000 8.000000 -20.000000 14.000000 12.000000 2 4
2.000000 2.000000 4.000000 -24.000000 12.000000 8.000000 0.000000 0.000000 0.000000 -24.000000 12.000000 8.000000 -22.000000 14.000000 12.000000 2 4
2.000000 2.000000 4.000000 -26.000000 12.000000 8.000000 0.000000 0.000000 0.000000 -26.000000 12.000000 8.000000 -24.000000 14.000000 12.000000 2 4
2.000000 2.000000 4.000000 -26.000000 10.000000 -12.000000 0.000000 180.000000 0.000000 -26.000000 10.000000 -14.000000 -24.000000 12.000000 -10.000000 3 4
2.000000 2.000000 4.000000 -24.000000 10.000000 -12.000000 0.000000 180.000000 0.000000 -24.000000 10.000000 -14.000000 -22.000000 12.000000 -10.000000 3 4
2.000000 2.000000 4.000000 -22.000000 10.000000 -12.000000 0.000000 180.000000 0.000000 -22.000000 10.000000 -14.000000 -20.000000 12.000000 -10.000000 3 4
2.000000 2.000000 4.000000 -20.000000 10.000000 -12.000000 0.000000 180.000000 0.000000 -20.000000 10.000000 -14.000000 -18.000000 12.000000 -10.000000 3 4
2.000000 2.000000 4.000000 -18.000000 10.000000 -12.000000 0.000000 180.000000 0.000000 -18.000000 10.000000 -14.000000 -16.000000 12.000000 -10.000000 3 4
2.000000 2.000000 4.000000 -16.000000 10.000000 -12.000000 0.000000 180.000000 0.000000 -16.000000 10.000000 -14.000000 -14.000000 12.000000 -10.000000 3 4
2.000000 2.000000 4.000000 -14.000000 10.000000 -12.000000 0.000000 180.000000 0.000000 -14.000000 10.000000 -14.000000 -12.000000 12.000000 -10.000000 3 4
2.000000 2.000000 4.000000 -12.000000 10.000000 -12.000000 0.000000 180.000000 0.000000 -12.000000 10.000000 -14.000000 -10.000000 12.000000 -10.000000 3 4
2.000000 2.000000 4.000000 -10.000000 10.000000 -12.000000 0.000000 180.000000 0.000000 -10.000000 10.000000 -14.000000 -8.000000 12.000000 -10.000000 3 4
2.000000 2.000000 4.000000 -8.000000 10.000000 -12.000000 0.000000 180.000000 0.000000 -8.000000 10.000000 -14.000000 -6.000000 12.000000 -10.000000 3 4
2.000000 2.000000 4.000000 -8.000000 10.000000 2.000000 0.000000 0.000000 0.000000 -8.000000 10.000000 2.000000 -6.000000 12.000000 6.000000 2 4
2.000000 2.000000 4.000000 -8.000000 10.000000 -2.000000 0.000000 0.000000 0.000000 -8.000000 10.000000 -2.000000 -6.000000 12.000000 2.000000 2 4
2.000000 2.000000 4.000000 -8.000000 10.000000 -6.000000 0.000000 0.000000 0.000000 -8.000000 10.000000 -6.000000 -6.000000 12.000000 -2.000000 2 4
2.000000 2.000000 4.000000 -8.000000 10.000000 -10.000000 0.000000 0.000000 0.000000 -8.000000 10.000000 -10.000000 -6.000000 12.000000 -6.000000 2 4
2.000000 2.000000 4.000000 -26.000000 10.000000 6.000000 0.000000 0.000000 0.000000 -26.000000 10.000000 6.000000 -24.000000 12.000000 10.000000 2 4
2.000000 2.000000 4.000000 -26.000000 10.000000 2.000000 0.000000 0.000000 0.000000 -26.000000 10.000000 2.000000 -24.000000 12.000000 6.000000 2 4
2.000000 2.000000 4.000000 -26.000000 10.000000 -2.000000 0.000000 0.000000 0.000000 -26.000000 10.000000 -2.000000 -24.000000 12.000000 2.000000 2 4
2.000000 2.000000 4.000000 -26.000000 10.000000 -6.000000 0.000000 0.000000 0.000000 -26.000000 10.000000 -6.000000 -24.000000 12.000000 -2.000000 2 4
2.000000 2.000000 4.000000 -26.000000 10.000000 -10.000000 0.000000 0.000000 0.000000 -26.000000 10.000000 -10.000000 -24.000000 12.000000 -6.000000 2 4
2.000000 2.000000 4.000000 -8.000000 12.000000 -12.000000 0.000000 0.000000 0.000000 -8.000000 12.000000 -12.000000 -6.000000 14.000000 -8.000000 2 4
2.000000 2.000000 4.000000 -26.000000 12.000000 -12.000000 0.000000 0.000000 0.000000 -26.000000 12.000000 -12.000000 -24.000000 14.000000 -8.000000 2 4
2.000000 2.000000 4.000000 -24.000000 12.000000 -12.000000 0.000000 0.000000 0.000000 -24.000000 12.000000 -12.000000 -22.000000 14.000000 -8.000000 2 4
2.000000 2.000000 4.000000 -22.000000 12.000000 -12.000000 0.000000 0.000000 0.000000 -22.000000 12.000000 -12.000000 -20.000000 14.000000 -8.000000 2 4
2.000000 2.000000 4.000000 -20.000000 12.000000 -12.000000 0.000000 0.000000 0.000000 -20.000000 12.000000 -12.000000 -18.000000 14.000000 -8.000000 2 4
2.000000 2.000000 4.000000 -18.000000 12.000000 -12.000000 0.000000 0.000000 0.000000 -18.000000 12.000000 -12.000000 -16.000000 14.000000 -8.000000 2 4
2.000000 2.000000 4.000000 -16.000000 12.000000 -12.000000 0.000000 0.000000 0.000000 -16.000000 12.000000 -12.000000 -14.000000 14.000000 -8.000000 2 4
2.000000 2.000000 4.000000 -14.000000 12.000000 -12.000000 0.000000 0.000000 0.000000 -14.000000 12.000000 -12.000000 -12.000000 14.000000 -8.000000 2 4
2.000000 2.000000 4.000000 -12.000000 12.000000 -12.000000 0.000000 0.000000 0.000000 -12.000000 12.000000 -12.000000 -10.000000 14.000000 -8.000000 2 4
2.000000 2.000000 4.000000 -10.000000 12.000000 -12.000000 0.000000 0.000000 0.000000 -10.000000 12.000000 -12.000000 -8.000000 14.000000 -8.000000 2 4
2.000000 2.000000 4.000000 -8.000000 12.000000 -8.000000 0.000000 0.000000 0.000000 -8.000000 12.000000 -8.000000 -6.000000 14.000000 -4.000000 2 4
2.000000 2.000000 4.000000 -8.000000 12.000000 -4.000000 0.000000 0.000000 0.000000 -8.000000 12.000000 -4.000000 -6.000000 14.000000 0.000000 2 4
2.000000 2.000000 4.000000 -8.000000 12.000000 0.000000 0.000000 0.000000 0.000000 -8.000000 12.000000 0.000000 -6.000000 14.000000 4.000000 2 4
2.000000 2.000000 4.000000 -8.000000 12.000000 4.000000 0.000000 0.000000 0.000000 -8.000000 12.000000 4.000000 -6.000000 14.000000 8.000000 2 4
2.000000 2.000000 4.000000 -26.000000 12.000000 -8.000000 0.000000 0.000000 0.000000 -26.000000 12.000000 -8.000000 -24.000000 14.000000 -4.000000 2 4
2.000000 2.000000 4.000000 -26.000000 12.000000 -4.000000 0.000000 0.000000 0.000000 -26.000000 12.000000 -4.000000 -24.000000 14.000000 0.000000 2 4
2.000000 2.000000 4.000000 -26.000000 12.000000 0.000000 0.000000 0.000000 0.000000 -26.000000 12.000000 0.000000 -24.000000 14.000000 4.000000 2 4
2.000000 2.000000 4.000000 -26.000000 12.000000 4.000000 0.000000 0.000000 0.000000 -26.000000 12.000000 4.000000 -24.000000 14.000000 8.000000 2 4
4.000000 1.000000 4.000000 -24.000000 6.000000 -10.000000 0.000000 0.000000 0.000000 -24.000000 6.000000 -10.000000 -20.000000 7.000000 -6.000000 4 4
4.000000 1.000000 4.000000 -20.000000 6.000000 -10.000000 0.000000 0.000000 0.000000 -20.000000 6.000000 -10.000000 -16.000000 7.000000 -6.000000 4 4
4.000000 1.000000 4.000000 -16.000000 6.000000 -10.000000 0.000000 0.000000 0.000000 -16.000000 6.000000 -10.000000 -12.000000 7.000000 -6.000000 4 4
4.000000 1.000000 4.000000 -12.000000 6.000000 -10.000000 0.000000 0.000000 0.000000 -12.000000 6.000000 -10.000000 -8.000000 7.000000 -6.000000 4 4
4.000000 1.000000 4.000000 -24.000000 7.000000 -8.000000 0.000000 0.000000 0.000000 -24.000000 7.000000 -8.000000 -20.000000 8.000000 -4.000000 4 1
4.000000 1.000000 4.000000 -20.000000 8.000000 -8.000000 0.000000 0.000000 0.000000 -20.000000 8.000000 -8.000000 -16.000000 9.000000 -4.000000 4 1
4.000000 1.000000 4.000000 -18.000000 9.000000 -8.000000 0.000000 0.000000 0.000000 -18.000000 9.000000 -8.000000 -14.000000 10.000000 -4.000000 4 1
4.000000 1.000000 4.000000 -16.000000 10.000000 -8.000000 0.000000 0.000000 0.000000 -16.000000 10.000000 -8.000000 -12.000000 11.000000 -4.000000 4 1
4.000000 1.000000 4.000000 -14.000000 11.000000 -8.000000 0.000000 0.000000 0.000000 -14.000000 11.000000 -8.000000 -10.000000 12.000000 -4.000000 4 1
4.000000 1.000000 4.000000 -12.000000 12.000000 -8.000000 0.000000 0.000000 0.000000 -12.000000 12.000000 -8.000000 -8.000000 13.000000 -4.000000 4 1
2.000000 1.000000 8.000000 22.000000 0.000000 44.000000 0.000000 90.000000 0.000000 22.000000 0.000000 44.000000 30.000000 1.000000 46.000000 6 3
2.000000 1.000000 8.000000 22.000000 0.000000 46.000000 0.000000 90.000000 0.000000 22.000000 0.000000 46.000000 30.000000 1.000000 48.000000 6 4
2.000000 1.000000 8.000000 22.000000 1.000000 46.000000 0.000000 90.000000 0.000000 22.000000 1.000000 46.000000 30.000000 2.000000 48.000000 6 4
2.000000 1.000000 8.000000 22.000000 1.000000 48.000000 0.000000 90.000000 0.000000 22.000000 1.000000 48.000000 30.000000 2.000000 50.000000 6 5
2.000000 1.000000 8.000000 22.000000 2.000000 48.000000 0.000000 90.000000 0.000000 22.000000 2.000000 48.000000 30.000000 3.000000 50.000000 6 5
2.000000 1.000000 8.000000 2.000000 0.000000 20.000000 0.000000 90.000000 0.000000 2.000000 0.000000 20.000000 10.000000 1.000000 22.000000 6 3
2.000000 1.000000 8.000000 2.000000 1.000000 22.000000 0.000000 90.000000 0.000000 2.000000 1.000000 22.000000 10.000000 2.000000 24.000000 6 4
2.000000 1.000000 8.000000 2.000000 2.000000 24.000000 0.000000 90.000000 0.000000 2.000000 2.000000 24.000000 10.000000 3.000000 26.000000 6 5
2.000000 1.000000 8.000000 2.000000 3.000000 26.000000 0.000000 90.000000 0.000000 2.000000 3.000000 26.000000 10.000000 4.000000 28.000000 6 6
2.000000 1.000000 8.000000 2.000000 4.000000 28.000000 0.000000 90.000000 0.000000 2.000000 4.000000 28.000000 10.000000 5.000000 30.000000 6 7
2.000000 1.000000 8.000000 2.000000 5.000000 30.000000 0.000000 90.000000 0.000000 2.000000 5.000000 30.000000 10.000000 6.000000 32.000000 6 0
2.000000 1.000000 8.000000 2.000000 6.000000 32.000000 0.000000 90.000000 0.000000 2.000000 6.000000 32.000000 10.000000 7.000000 34.000000 6 1
2.000000 1.000000 8.000000 2.000000 7.000000 34.000000 0.000000 90.000000 0.000000 2.000000 7.000000 34.000000 10.000000 8.000000 36.000000 6 2
2.000000 1.000000 8.000000 2.000000 8.000000 36.000000 0.000000 90.000000 0.000000 2.000000 8.000000 36.000000 10.000000 9.000000 38.000000 6 3
2.000000 1.000000 8.000000 2.000000 8.000000 38.000000 0.000000 90.000000 0.000000 2.000000 8.000000 38.000000 10.000000 9.000000 40.000000 6 3
2.000000 1.000000 8.000000 2.000000 8.000000 40.000000 0.000000 90.000000 0.000000 2.000000 8.000000 40.000000 10.000000 9.000000 42.000000 6 3
2.000000 1.000000 8.000000 2.000000 8.000000 42.000000 0.000000 90.000000 0.000000 2.000000 8.000000 42.000000 10.000000 9.000000 44.000000 6 3
2.000000 1.000000 8.000000 2.000000 8.000000 44.000000 0.000000 90.000000 0.000000 2.000000 8.000000 44.000000 10.000000 9.000000 46.000000 6 3
2.000000 1.000000 8.000000 2.000000 8.000000 46.000000 0.000000 90.000000 0.000000 2.000000 8.000000 46.000000 10.000000 9.000000 48.000000 6 3
2.000000 1.000000 8.000000 2.000000 8.000000 48.000000 0.000000 90.000000 0.000000 2.000000 8.000000 48.000000 10.000000 9.000000 50.000000 6 3
2.000000 1.000000 8.000000 2.000000 8.000000 50.000000 0.000000 90.000000 0.000000 2.000000 8.000000 50.000000 10.000000 9.000000 52.000000 6 3
2.000000 1.000000 8.000000 2.000000 7.000000 52.000000 0.000000 90.000000 0.000000 2.000000 7.000000 52.000000 10.000000 8.000000 54.000000 6 4
2.000000 1.000000 8.000000 2.000000 6.000000 54.000000 0.000000 90.000000 0.000000 2.000000 6.000000 54.000000 10.000000 7.000000 56.000000 6 5
2.000000 1.000000 8.000000 2.000000 5.000000 56.000000 0.000000 90.000000 0.000000 2.000000 5.000000 56.000000 10.000000 6.000000 58.000000 6 6
2.000000 1.000000 8.000000 2.000000 4.000000 58.000000 0.000000 90.000000 0.000000 2.000000 4.000000 58.000000 10.000000 5.000000 60.000000 6 7
2.000000 1.000000 8.000000 2.000000 3.000000 60.000000 0.000000 90.000000 0.000000 2.000000 3.000000 60.000000 10.000000 4.000000 62.000000 6 0
2.000000 1.000000 8.000000 2.000000 2.000000 62.000000 0.000000 90.000000 0.000000 2.000000 2.000000 62.000000 10.000000 3.000000 64.000000 6 1
2.000000 1.000000 8.000000 2.000000 1.000000 64.000000 0.000000 90.000000 0.000000 2.000000 1.000000 64.000000 10.000000 2.000000 66.000000 6 2
2.000000 1.000000 8.000000 2.000000 0.000000 66.000000 0.000000 90.000000 0.000000 2.000000 0.000000 66.000000 10.000000 1.000000 68.000000 6 3
2.000000 1.000000 8.000000 22.000000 0.000000 50.000000 0.000000 90.000000 0.000000 22.000000 0.000000 50.000000 30.000000 1.000000 52.000000 6 4
2.000000 1.000000 8.000000 22.000000 1.000000 50.000000 0.000000 90.000000 0.000000 22.000000 1.000000 50.000000 30.000000 2.000000 52.000000 6 4
2.000000 1.000000 8.000000 22.000000 0.000000 52.000000 0.000000 90.000000 0.000000 22.000000 0.000000 52.000000 30.000000 1.000000 54.000000 6 1
4.000000 1.000000 4.000000 -4.000000 0.000000 6.000000 0.000000 0.000000 0.000000 -4.000000 0.000000 6.000000 0.000000 1.000000 10.000000 4 4
4.000000 1.000000 4.000000 2.000000 0.000000 16.000000 0.000000 0.000000 0.000000 2.000000 0.000000 16.000000 6.000000 1.000000 20.000000 4 4
4.000000 1.000000 4.000000 6.000000 0.000000 16.000000 0.000000 0.000000 0.000000 6.000000 0.000000 16.000000 10.000000 1.000000 20.000000 4 4
4.000000 1.000000 4.000000 2.000000 0.000000 12.000000 0.000000 0.000000 0.000000 2.000000 0.000000 12.000000 6.000000 1.000000 16.000000 4 4
4.000000 1.000000 4.000000 0.000000 0.000000 8.000000 0.000000 0.000000 0.000000 0.000000 0.000000 8.000000 4.000000 1.000000 12.000000 4 4
4.000000 1.000000 4.000000 4.000000 0.000000 8.000000 0.000000 0.000000 0.000000 4.000000 0.000000 8.000000 8.000000 1.000000 12.000000 4 4
4.000000 1.000000 4.000000 6.000000 0.000000 12.000000 0.000000 0.000000 0.000000 6.000000 0.000000 12.000000 10.000000 1.000000 16.000000 4 4
4.000000 1.000000 4.000000 2.000000 0.000000 68.000000 0.000000 0.000000 0.000000 2.000000 0.000000 68.000000 6.000000 1.000000 72.000000 4 4
4.000000 1.000000 4.000000 6.000000 0.000000 68.000000 0.000000 0.000000 0.000000 6.000000 0.000000 68.000000 10.000000 1.000000 72.000000 4 4
4.000000 1.000000 4.000000 2.000000 0.000000 72.000000 0.000000 0.000000 0.000000 2.000000 0.000000 72.000000 6.000000 1.000000 76.000000 4 4
4.000000 1.000000 4.000000 6.000000 0.000000 72.000000 0.000000 0.000000 0.000000 6.000000 0.000000 72.000000 10.000000 1.000000 76.000000 4 4
4.000000 1.000000 4.000000 10.000000 0.000000 68.000000 0.000000 0.000000 0.000000 10.000000 0.000000 68.000000 14.000000 1.000000 72.000000 4 4
4.000000 1.000000 4.000000 10.000000 0.000000 72.000000 0.000000 0.000000 0.000000 10.000000 0.000000 72.000000 14.000000 1.000000 76.000000 4 4
4.000000 1.000000 4.000000 14.000000 0.000000 72.000000 0.000000 0.000000 0.000000 14.000000 0.000000 72.000000 18.000000 1.000000 76.000000 4 4
4.000000 1.000000 4.000000 14.000000 0.000000 68.000000 0.000000 0.000000 0.000000 14.000000 0.000000 68.000000 18.000000 1.000000 72.000000 4 4
4.000000 1.000000 4.000000 18.000000 0.000000 72.000000 0.000000 0.000000 0.000000 18.000000 0.000000 72.000000 22.000000 1.000000 76.000000 4 4
4.000000 1.000000 4.000000 18.000000 0.000000 68.000000 0.000000 0.000000 0.000000 18.000000 0.000000 68.000000 22.000000 1.000000 72.000000 4 4
4.000000 1.000000 4.000000 22.000000 0.000000 68.000000 0.000000 0.000000 0.000000 22.000000 0.000000 68.000000 26.000000 1.000000 72.000000 4 4
4.000000 1.000000 4.000000 22.000000 0.000000 54.000000 0.000000 0.000000 0.000000 22.000000 0.000000 54.000000 26.000000 1.000000 58.000000 4 4
4.000000 1.000000 4.000000 22.000000 0.000000 58.000000 0.000000 0.000000 0.000000 22.000000 0.000000 58.000000 26.000000 1.000000 62.000000 4 4
4.000000 1.000000 4.000000 22.000000 0.000000 62.000000 0.000000 0.000000 0.000000 22.000000 0.000000 62.000000 26.000000 1.000000 66.000000 4 4
4.000000 1.000000 4.000000 26.000000 0.000000 54.000000 0.000000 0.000000 0.000000 26.000000 0.000000 54.000000 30.000000 1.000000 58.000000 4 4
4.000000 1.000000 4.000000 26.000000 0.000000 58.000000 0.000000 0.000000 0.000000 26.000000 0.000000 58.000000 30.000000 1.000000 62.000000 4 4
4.000000 1.000000 4.000000 26.000000 0.000000 62.000000 0.000000 0.000000 0.000000 26.000000 0.000000 62.000000 30.000000 1.000000 66.000000 4 4
2.000000 1.000000 8.000000 22.000000 0.000000 66.000000 0.000000 90.000000 0.000000 22.000000 0.000000 66.000000 30.000000 1.000000 68.000000 6 4
4.000000 1.000000 4.000000 2.000000 0.000000 4.000000 0.000000 0.000000 0.000000 2.000000 0.000000 4.000000 6.000000 1.000000 8.000000 4 4
4.000000 1.000000 4.000000 6.000000 0.000000 4.000000 0.000000 0.000000 0.000000 6.000000 0.000000 4.000000 10.000000 1.000000 8.000000 4 4
2.000000 1.000000 8.000000 22.000000 1.000000 40.000000 0.000000 90.000000 0.000000 22.000000 1.000000 40.000000 30.000000 2.000000 42.000000 6 4
2.000000 1.000000 8.000000 22.000000 2.000000 38.000000 0.000000 90.000000 0.000000 22.000000 2.000000 38.000000 30.000000 3.000000 40.000000 6 4
2.000000 1.000000 8.000000 22.000000 5.000000 34.000000 0.000000 90.000000 0.000000 22.000000 5.000000 34.000000 30.000000 6.000000 36.000000 6 5
2.000000 1.000000 8.000000 22.000000 5.000000 32.000000 0.000000 90.000000 0.000000 22.000000 5.000000 32.000000 30.000000 6.000000 34.000000 6 5
2.000000 1.000000 8.000000 22.000000 6.000000 26.000000 0.000000 90.000000 0.000000 22.000000 6.000000 26.000000 30.000000 7.000000 28.000000 6 0
2.000000 1.000000 8.000000 22.000000 6.000000 24.000000 0.000000 90.000000 0.000000 22.000000 6.000000 24.000000 30.000000 7.000000 26.000000 6 0
4.000000 1.000000 4.000000 28.000000 8.000000 16.000000 0.000000 0.000000 0.000000 28.000000 8.000000 16.000000 32.000000 9.000000 20.000000 4 1
4.000000 1.000000 4.000000 40.000000 9.000000 16.000000 0.000000 0.000000 0.000000 40.000000 9.000000 16.000000 44.000000 10.000000 20.000000 4 2
4.000000 1.000000 4.000000 40.000000 11.000000 28.000000 0.000000 0.000000 0.000000 40.000000 11.000000 28.000000 44.000000 12.000000 32.000000 4 3
2.000000 1.000000 8.000000 42.000000 11.000000 38.000000 0.000000 180.000000 0.000000 42.000000 11.000000 32.000000 44.000000 12.000000 40.000000 6 5
2.000000 1.000000 8.000000 42.000000 11.000000 40.000000 0.000000 0.000000 0.000000 42.000000 11.000000 40.000000 44.000000 12.000000 48.000000 6 5
2.000000 1.000000 8.000000 42.000000 11.000000 48.000000 0.000000 90.000000 0.000000 42.000000 11.000000 48.000000 50.000000 12.000000 50.000000 6 5
2.000000 1.000000 8.000000 50.000000 11.000000 48.000000 0.000000 0.000000 0.000000 50.000000 11.000000 48.000000 52.000000 12.000000 56.000000 6 5
2.000000 1.000000 8.000000 50.000000 11.000000 56.000000 0.000000 0.000000 0.000000 50.000000 11.000000 56.000000 52.000000 12.000000 64.000000 6 0
2.000000 1.000000 8.000000 50.000000 12.000000 56.000000 0.000000 0.000000 0.000000 50.000000 12.000000 56.000000 52.000000 13.000000 64.000000 6 0
2.000000 1.000000 8.000000 50.000000 13.000000 60.000000 0.000000 0.000000 0.000000 50.000000 13.000000 60.000000 52.000000 14.000000 68.000000 6 0
2.000000 1.000000 8.000000 50.000000 14.000000 64.000000 0.000000 0.000000 0.000000 50.000000 14.000000 64.000000 52.000000 15.000000 72.000000 6 0
2.000000 1.000000 8.000000 50.000000 15.000000 68.000000 0.000000 0.000000 0.000000 50.000000 15.000000 68.000000 52.000000 16.000000 76.000000 6 0
4.000000 1.000000 4.000000 -2.000000 0.000000 -2.000000 0.000000 0.000000 0.000000 -2.000000 0.000000 -2.000000 2.000000 1.000000 2.000000 4 0
